[
  16711680, 16713984, 16716032, 16718336, 16720384,
  16722688, 16724736, 16727040, 16729088, 16731392,
  16733440, 16735744, 16737792, 16740096, 16742144,
  16744448, 16746496, 16748288, 16750336, 16752128,
  16754176, 16755968, 16758016, 16759808, 16761856,
  16763648, 16765440, 16767488, 16769280, 16771328,
  16773120, 16775168, 16776960, 16318208, 15793920,
  15335168, 14810880, 14352128, 13827840, 13369088,
  12910336, 12386048, 11927296, 11403008, 10944256,
  10419968,  9961216,  9436928,  8978176,  8974080,
   8969984,  8965888,  8961792,  8957696,  8953600,
   8949504,  8945664,  8941568,  8937472,  8933376,
   8929280,  8925184,  8921088,  8916992
]
